Preamp: -8 dB
GraphicEQ: 53.6 -1.1; 66.5 -1.3; 83.2 -2.1; 116.8 -5.1; 174.4 -2.5; 260.7 -2.7; 324.8 -2.8; 454.6 -0.4; 536.3 4.2; 649.8 4.8; 719.8 -2.2; 832.1 1.76; 1024.5 -2.1; 1362.8 0; 2002.9 -3.94; 2922.2 -0.3; 3132.8 6.7; 3630.4 2.4; 3997 0.4; 4259.2 -2.4; 4628.3 -7.1; 5204.4 -2.4; 5319.7 -1.6; 5566.7 -0.1; 5881 -1.9; 6676.19 -7.21521; 7854.96 -6.17745; 8194.2 -3.36; 8501.8 -2.01; 8936.5 -1.34; 9292.1 -1.17; 9747.4 -2.7; 10042 -6.9; 11013.1 -6.8177; 11612 -11.8; 12715 -10.5; 13427 -7
# GraphicEQ: 53.6 -1.1; 66.5 -1.3; 83.2 -2.1; 116.8 -5.1; 174.4 -2.5; 260.7 -2.7; 324.8 -2.8; 454.6 -0.4; 536.3 4.2; 649.8 4.8; 719.8 -2.2; 832.1 1.76; 1024.5 -2.1; 1318.4 -2.6; 2002.9 -3.94; 2922.2 -0.3; 3132.8 6.7; 3630.4 2.4; 3997 0.4; 4259.2 -2.4; 4628.3 -7.1; 5204.4 -2.4; 5319.7 -1.6; 5566.7 -0.1; 5881 -1.9; 6676.19 -7.21521; 7854.96 -6.17745; 8194.2 -3.36; 8501.8 -2.01; 8936.5 -1.34; 9292.1 -1.17; 9747.4 -2.7; 10042 -6.9; 11013.1 -6.8177; 11612 -11.8; 12715 -10.5; 13427 -7
# GraphicEQ: 53.6 1.9; 66.5 1.7; 83.2 0.9; 116.8 -1.1; 174.4 -4.5; 260.7 -3.7; 324.8 -4.8; 454.6 -2.4; 536.3 4.2; 649.8 3.8; 719.8 -4.2; 832.1 -0.24; 1024.5 -3.1; 1318.4 -1.6; 2002.9 -4.94; 2922.2 0.7; 3132.8 7.7; 3630.4 1.4; 3997 -0.6; 4259.2 -3.4; 4628.3 -8.1; 5204.4 -4.4; 5319.7 -3.6; 5566.7 -2.1; 5881 -3.9; 6676.19 -9.21521; 7854.96 -7.17745; 8194.2 -4.36; 8501.8 -3.01; 8936.5 -2.34; 9292.1 -2.17; 9747.4 -3.7; 10042 -7.9; 11013.1 -7.8177; 11612 -12.8; 12715 -11.5; 13427 -8
# GraphicEQ: 68.6 4.6; 89.5 -0.4; 116.8 -1.1; 174.4 -4.5; 260.7 -3.7; 324.8 -4.8; 454.6 -2.4; 536.3 4.2; 649.8 3.8; 719.8 -4.2; 832.1 -0.24; 1024.5 -3.1; 1318.4 -1.6; 2002.9 -4.94; 2922.2 0.7; 3132.8 7.7; 3630.4 1.4; 3997 -0.6; 4259.2 -3.4; 4628.3 -8.1; 5204.4 -4.4; 5319.7 -3.6; 5566.7 -2.1; 5881 -3.9; 6676.19 -9.21521; 7854.96 -7.17745; 8194.2 -4.36; 8501.8 -3.01; 8936.5 -2.34; 9292.1 -2.17; 9747.4 -3.7; 10042 -7.9; 11013.1 -7.8177; 11612 -12.8; 12715 -11.5; 13427 -8
# GraphicEQ: 71 0.8; 101.5 -1.9; 174.4 -4.5; 260.7 -3.7; 324.8 -4.8; 454.6 -2.4; 536.3 4.2; 648.277 1.79569; 719.8 -4.2; 832.1 -0.24; 1005.8 -1.04; 1309.6 0.46; 2002.9 -4.94; 2926 0.02; 3122.6 6.42; 3997 -0.6; 4259.2 -3.4; 4628.3 -8.1; 5204.4 -4.4; 5518.9 -3.6; 5881 -3.9; 6676.19 -9.21521; 7854.96 -7.17745; 8194.2 -4.36; 8501.8 -3.01; 8936.5 -2.34; 9292.1 -2.17; 9747.4 -3.7; 10042 -7.9; 11013.1 -7.8177; 11612 -12.8; 12715 -11.5; 13427 -8
# GraphicEQ: 71.7 6.6; 100.595 2.02862; 175.4 -0.1; 260.7 -1.7; 316.6 -1.94; 413.4 -1.1; 536.3 4.2; 648.277 1.79569; 719.8 -4.2; 832.1 -0.24; 1005.8 -1.04; 1309.6 0.46; 2002.9 -2.94; 2926 0.02; 3122.6 6.42; 4080.9 0.46; 4323.8 -2.65; 4676.8 -5; 5202.97 0.214833; 5510.6 1.01; 5881 0.68; 6676.19 -3.21521; 7854.96 -0.177448; 8194.2 2.64; 8501.8 3.99; 8936.5 4.66; 9292.1 4.83; 9809.6 3.23; 10042 -0.9
# GraphicEQ: 71.7 6.6; 100.595 2.02862; 175.4 -0.1; 260.7 -1.7; 316.6 -1.94; 413.4 -1.1; 536.3 4.2; 648.277 1.79569; 719.8 -4.2; 832.1 -0.24; 1005.8 -1.04; 1309.6 0.46; 2002.9 -2.94; 2926 0.02; 3122.6 6.42; 4080.9 0.46; 4323.8 -2.65; 4676.8 -5; 5202.97 0.214833; 5510.6 1.01; 5881 0.68; 6676.19 -3.21521; 7854.96 0.822552; 8194.2 3.64; 8501.8 4.99; 8936.5 5.66; 9292.1 5.83; 9809.6 4.23; 10606 -0.26
# GraphicEQ: 82.9 0.4; 102.2 -0.5; 232.4 -1.74; 316.6 -1.94; 413.4 -1.1; 536.3 8.2; 648.277 5.79569; 719.8 -0.2; 832.1 3.76; 1005.8 1.96; 1309.6 4.46; 2002.9 1.06; 2654.7 3.07; 2891.2 3.36; 3043.5 5.49; 3164.9 7.01; 3283.1 5.3; 3447.5 4.36; 4080.9 4.46; 4323.8 1.35; 4676.8 -1; 5121.6 1.2; 5488.3 2.93; 5652.9 4.55; 5856.6 5.06; 5981.8 3.79; 6145 0.55; 6501.57 0.69507; 6664.9 1; 6970.1 1.48; 7114.8 0.9; 7380.5 1.38; 7712.8 1.66; 8085.2 1.96; 8145.2 2.93; 8233.7 3; 8436.3 3.52; 8739.5 5.26; 9026.3 6.68; 9647.3 6.73; 10357.5 5.01867; 10691 2.59; 11132 -0.99; 11568 -2.63; 12760 -0.76; 13624 2
Channel: L
Filter: ON PK Fc 8100 Hz Gain -3.3 dB Q 12.5096